problem Name: VRP2
score: 64944.0
timestamp: 2018-09-16-04-39-10.p

problems by vehicles:
0:
[[   0.  327.  277.  301.  382.]
 [ 327.    0.   84.   86.   95.]
 [ 277.   84.    0.   24.  105.]
 [ 301.  108.   24.    0.   81.]
 [ 382.   95.  105.   81.    0.]]
1:
[[   0.  363.  307.  386.  285.  295.]
 [ 363.    0.   56.   27.   78.   68.]
 [ 307.   56.    0.   79.   76.   42.]
 [ 386.   27.   79.    0.  101.   91.]
 [ 285.   78.   76.  101.    0.   34.]
 [ 295.   68.   42.   91.   34.    0.]]
2:
[[   0.  149.  109.  149.  135.  179.]
 [ 149.    0.   40.    4.   70.   58.]
 [ 109.   40.    0.   40.  100.   88.]
 [ 149.    4.   40.    0.   74.   62.]
 [ 135.   70.  110.   74.    0.   44.]
 [ 179.   58.   88.   62.   44.    0.]]
3:
[[  0.  78.]
 [ 78.   0.]]
4:
[[   0.  235.  195.  271.  228.  189.]
 [ 235.    0.   92.   36.  137.  106.]
 [ 195.   92.    0.   76.   45.   14.]
 [ 271.   36.   96.    0.  109.   82.]
 [ 228.  137.   45.  109.    0.   39.]
 [ 189.  106.   14.   82.   39.    0.]]
5:
[[   0.  256.  217.  154.  280.  248.  237.]
 [ 256.    0.   43.  118.   66.  124.  113.]
 [ 217.   43.    0.   79.   63.   81.   70.]
 [ 154.  118.   79.    0.  142.   98.   83.]
 [ 280.   66.   63.  142.    0.   58.  117.]
 [ 248.  124.   81.   98.   58.    0.   73.]
 [ 237.  113.   70.   83.  117.   73.    0.]]
6:
[[   0.  136.   86.   79.  159.  137.]
 [ 136.    0.   52.   65.   41.   57.]
 [  86.   52.    0.   13.   75.   53.]
 [  93.   65.   13.    0.   88.   66.]
 [ 159.   41.   75.   88.    0.   98.]
 [ 137.   82.   53.   66.   98.    0.]]
7:
[[   0.  285.  461.  301.  366.  399.]
 [ 285.    0.  214.   56.   97.  114.]
 [ 461.  214.    0.  160.  117.  110.]
 [ 301.   56.  160.    0.   65.   98.]
 [ 366.   97.  117.   65.    0.   33.]
 [ 399.  114.  110.   98.   33.    0.]]
8:
[[   0.  228.  324.  321.  330.  275.]
 [ 228.    0.   96.   93.  102.   47.]
 [ 324.   96.    0.    5.   12.   49.]
 [ 321.   93.    5.    0.   17.   46.]
 [ 330.  102.   12.   17.    0.   55.]
 [ 275.   47.   49.   46.   55.    0.]]
9:
[[   0.  122.  228.  250.  215.  241.]
 [ 122.    0.  106.  128.   93.  119.]
 [ 228.  106.    0.   22.   13.   51.]
 [ 250.  128.   22.    0.   35.   43.]
 [ 215.   93.   13.   35.    0.   44.]
 [ 241.  119.   57.   43.   44.    0.]]
10:
[[   0.  220.  245.  226.  212.  256.  273.]
 [ 220.    0.   97.  142.   76.  108.  125.]
 [ 245.   97.    0.   45.   33.   47.   80.]
 [ 226.  142.   45.    0.   66.   92.  125.]
 [ 212.   76.   33.   66.    0.   44.   61.]
 [ 256.  108.   47.   92.   44.    0.   33.]
 [ 273.  125.   80.  125.   61.   33.    0.]]
11:
[[   0.  165.  167.  215.  157.  182.]
 [ 165.    0.    6.   96.   32.   17.]
 [ 167.    6.    0.  102.   38.   15.]
 [ 215.   96.  102.    0.   64.  101.]
 [ 157.   32.   38.   64.    0.   37.]
 [ 182.   17.   15.  101.   37.    0.]]
12:
[[   0.  267.  343.  429.  320.  371.]
 [ 267.    0.  158.  162.   53.  140.]
 [ 343.  158.    0.   86.  159.   28.]
 [ 429.  162.   86.    0.  131.   58.]
 [ 320.   53.  159.  133.    0.  141.]
 [ 371.  140.   28.   58.  141.    0.]]
13:
[[   0.  217.  356.  408.  242.  290.]
 [ 217.    0.  139.  191.   57.   77.]
 [ 356.  139.    0.   52.  114.   66.]
 [ 408.  191.   79.    0.  166.  118.]
 [ 242.   57.  114.  166.    0.   48.]
 [ 290.   77.   66.  118.   48.    0.]]
14:
[[   0.  122.  113.  107.]
 [ 122.    0.   93.   73.]
 [ 113.   93.    0.   32.]
 [ 107.   73.   32.    0.]]
15:
[[   0.  276.  265.  312.  268.]
 [ 276.    0.   53.   36.   22.]
 [ 265.   83.    0.   47.   31.]
 [ 312.   36.   47.    0.   44.]
 [ 268.   22.   31.   44.    0.]]
16:
[[   0.  285.  315.  269.  236.]
 [ 285.    0.  136.   38.  113.]
 [ 315.  136.    0.   98.   79.]
 [ 269.   38.   98.    0.   75.]
 [ 236.  113.   79.   83.    0.]]
17:
[[   0.  218.  227.  212.  175.  324.]
 [ 218.    0.  131.   84.   43.  106.]
 [ 227.  131.    0.   47.  104.   97.]
 [ 212.   84.   47.    0.   57.  112.]
 [ 175.   43.  104.   57.    0.  149.]
 [ 324.  106.   97.  112.  149.    0.]]
18:
[[   0.  261.  286.  246.  350.]
 [ 261.    0.  125.   15.   89.]
 [ 286.  125.    0.  126.   64.]
 [ 246.   15.  126.    0.  104.]
 [ 350.   89.   64.  104.    0.]]
19:
[[   0.  203.  244.  310.  322.  308.]
 [ 203.    0.   43.  107.  119.  105.]
 [ 244.   43.    0.   66.   78.   84.]
 [ 310.  109.   66.    0.   12.   30.]
 [ 322.  119.   78.   12.    0.   36.]
 [ 308.  105.   84.   30.   42.    0.]]
20:
[[   0.  168.  134.  117.  160.  217.  170.  174.]
 [ 168.    0.   74.   73.    8.   49.   86.   50.]
 [ 134.   74.    0.   17.   66.   83.   36.   40.]
 [ 117.   73.   28.    0.   65.  100.   53.   57.]
 [ 160.    8.   66.   65.    0.   57.   78.   42.]
 [ 217.   49.   83.  100.   57.    0.   49.   43.]
 [ 170.   86.   67.   53.   78.   49.    0.   36.]
 [ 174.   50.   40.   57.   42.   43.   48.    0.]]
21:
0
22:
0
23:
0
24:
[[  0.  64.]
 [ 64.   0.]]
25:
0
26:
0
27:
0
28:
0
29:
0
30:
0
31:
0
32:
0

solutions by vehicles:
0:
[0 2 3 4 1]
1:
[0 4 5 2 1 3]
2:
[0 2 3 1 5 4]
3:
[0 1]
4:
[0 5 4 2 3 1]
5:
[0 3 2 1 4 5 6]
6:
[0 3 2 4 1 5]
7:
[0 1 3 4 5 2]
8:
[0 1 5 3 2 4]
9:
[0 1 4 2 3 5]
10:
[0 1 4 6 5 2 3]
11:
[0 1 2 5 4 3]
12:
[0 1 4 3 5 2]
13:
[0 1 4 5 2 3]
14:
[0 2 3 1]
15:
[0 2 4 1 3]
16:
[0 4 2 3 1]
17:
[0 4 1 3 2 5]
18:
[0 3 1 4 2]
19:
[0 1 2 3 4 5]
20:
[0 3 2 6 7 4 1 5]
21:
0
22:
0
23:
0
24:
[0 1]
25:
0
26:
0
27:
0
28:
0
29:
0
30:
0
31:
0
32:
0
