VRP1
46400.0
2018-09-16-02-30-15.p
problems by vehicles:
0: [[   0.  178.  251.  189.  279.]
 [ 178.    0.   79.   21.  107.]
 [ 251.   79.    0.  100.   28.]
 [ 189.   21.  100.    0.  128.]
 [ 279.  107.   28.  128.    0.]]
1: [[  0.  42.  36.]
 [ 42.   0.  10.]
 [ 36.  10.   0.]]
2: [[   0.  214.  265.  279.  209.  245.]
 [ 214.    0.   51.   65.   29.   31.]
 [ 265.   51.    0.   32.   56.   20.]
 [ 279.   65.   32.    0.   80.   48.]
 [ 209.   29.  108.   80.    0.   36.]
 [ 245.   31.   20.   48.   36.    0.]]
3: [[  0.  34.]
 [ 34.   0.]]
4: [[  0.  48.  49.  66.]
 [ 48.   0.  35.  20.]
 [ 49.  35.   0.  17.]
 [ 66.  20.  18.   0.]]
5: [[   0.  276.  329.  301.  325.]
 [ 276.    0.   53.   55.   59.]
 [ 329.   53.    0.   38.   42.]
 [ 301.   55.   38.    0.   24.]
 [ 325.   59.   42.   24.    0.]]
6: [[   0.  197.  155.  207.  154.  177.  196.]
 [ 197.    0.   58.   22.   43.   20.   41.]
 [ 155.   58.    0.   80.   29.   68.   41.]
 [ 385.   22.  147.    0.   53.   30.   63.]
 [ 154.   43.   29.   53.    0.   39.   42.]
 [ 301.   20.   68.   30.   71.    0.   51.]
 [ 196.   41.   41.   63.   42.   51.    0.]]
7: [[   0.  157.  107.  147.  127.  115.]
 [ 157.    0.   54.   72.   88.   92.]
 [ 107.   54.    0.   44.   42.   46.]
 [ 147.   72.   84.    0.   20.   32.]
 [ 127.   88.   42.   20.    0.   12.]
 [ 115.   92.   46.   32.   12.    0.]]
8: [[  0.  58.  60.  40.]
 [ 58.   0.  20.  32.]
 [ 60.  20.   0.  20.]
 [ 73.  32.  20.   0.]]
9: [[   0.  189.  165.  208.  142.]
 [ 189.    0.   24.   79.   71.]
 [ 165.   24.    0.   71.   63.]
 [ 208.   91.   71.    0.   66.]
 [ 142.   71.   63.   66.    0.]]
10: [[   0.  183.  252.  160.  241.]
 [ 183.    0.   81.   23.   94.]
 [ 252.   81.    0.   92.   13.]
 [ 160.   23.   92.    0.   81.]
 [ 241.   94.   13.   81.    0.]]
11: [[   0.  379.  377.  343.  384.  310.  428.]
 [ 379.    0.    2.   36.   41.   69.   53.]
 [ 377.    2.    0.   34.   43.   67.   55.]
 [ 343.   62.   34.    0.   41.   37.   85.]
 [ 384.   41.   43.   74.    0.   74.   44.]
 [ 310.   69.   67.   37.   74.    0.  118.]
 [ 428.   53.   83.   85.   44.  118.    0.]]
12: [[   0.  126.   83.  105.  131.]
 [ 126.    0.   51.   21.   47.]
 [  83.   51.    0.   52.   48.]
 [ 105.   21.   52.    0.   48.]
 [ 131.   47.   52.   48.    0.]]
13: [[   0.  106.  138.  133.  117.  114.]
 [ 181.    0.   68.   27.   85.   40.]
 [ 138.   68.    0.   95.   21.   28.]
 [ 133.   27.   95.    0.  112.   67.]
 [ 117.   85.   21.  112.    0.   45.]
 [ 114.   40.   28.   67.   45.    0.]]
14: [[   0.  160.  234.  180.  226.  187.]
 [ 160.    0.  106.   20.   78.   45.]
 [ 234.  106.    0.  122.   36.   61.]
 [ 180.   20.  122.    0.   94.   61.]
 [ 226.   78.   36.   94.    0.   39.]
 [ 187.   45.   61.   61.   39.    0.]]
15: [[   0.  239.  261.  173.  228.  235.]
 [ 239.    0.   22.   66.   43.    4.]
 [ 261.   22.    0.   88.   43.   26.]
 [ 173.  118.   88.    0.   65.   62.]
 [ 228.   43.   43.   65.    0.   45.]
 [ 235.    4.   26.   62.   45.    0.]]
16: [[  0.  24.  13.]
 [ 24.   0.  11.]
 [ 13.  11.   0.]]
17: [[  0.  10.   8.]
 [ 10.   0.   4.]
 [  8.   4.   0.]]
18: [[   0.  326.  254.  294.  232.  287.  296.]
 [ 326.    0.   72.   44.   94.   39.   30.]
 [ 340.   72.    0.   40.   22.   33.   42.]
 [ 294.   44.   40.    0.   62.   17.   14.]
 [ 232.   94.   22.   62.    0.   55.   64.]
 [ 287.   39.   33.   17.   55.    0.    9.]
 [ 296.   30.   42.   14.   64.    9.    0.]]
19: [[   0.   81.   59.   60.   74.   80.]
 [ 150.    0.   40.   21.   21.   27.]
 [  59.   41.    0.   39.   25.   31.]
 [  60.   21.   39.    0.   20.   26.]
 [  74.   21.   25.   20.    0.    6.]
 [  80.   27.   31.   26.    6.    0.]]
20: [[   0.  436.  403.  480.  429.  391.  399.  483.  477.  429.  406.  406.]
 [ 436.    0.   33.   44.   69.   45.   37.   47.   41.   67.   94.   36.]
 [ 403.   33.    0.   77.   68.   26.    4.   80.   74.   66.   93.   35.]
 [ 480.   44.   77.    0.   51.   89.   81.    5.   23.   51.   74.   74.]
 [ 429.   69.   68.   51.    0.   42.   64.   54.   72.    2.   25.   33.]
 [ 391.   53.   26.   89.   42.    0.   22.   92.   86.   40.   67.   15.]
 [ 399.   37.    4.   81.   64.   23.    0.   84.   78.   62.   89.   31.]
 [ 483.   47.   80.    5.   54.   92.   84.    0.   28.   54.   77.   77.]
 [ 477.   41.   74.   23.   72.   86.   78.   28.    0.   70.   97.   71.]
 [ 429.   67.   66.   51.    2.   40.   62.   54.   70.    0.   27.   31.]
 [ 406.   94.   93.   74.   29.   67.   89.   77.   97.   27.    0.   58.]
 [ 406.   36.   35.   74.   33.   15.   31.   77.   71.   31.   58.    0.]]
21: 0
22: 0
23: 0
24: 0
25: [[   0.  316.  328.  266.  274.  249.  283.  302.  291.]
 [ 316.    0.   42.   50.   42.   67.   33.   36.   39.]
 [ 328.   42.    0.   62.   54.   79.   45.   26.   37.]
 [ 266.   50.   62.    0.   58.   17.   33.   36.   25.]
 [ 274.   42.   54.   58.    0.   57.   25.   48.   51.]
 [ 249.   67.   79.   17.   80.    0.   34.   53.   42.]
 [ 283.   33.   45.   45.   25.   34.    0.   23.   26.]
 [ 302.   36.   26.   36.   48.   53.   23.    0.   11.]
 [ 291.   39.   37.   25.   51.   42.   26.   11.    0.]]
26: 0
27: 0
28: 0
29: 0
30: 0
31: 0
32: 0
33: 0
0: [0 3 1 2 4]
1: [0 2 1]
2: [0 4 1 5 2 3]
3: [0 1]
4: [0 2 3 1]
5: [0 1 2 3 4]
6: [0 4 2 6 1 5 3]
7: [0 2 5 4 3 1]
8: [0 3 2 1]
9: [0 4 3 2 1]
10: [0 3 1 2 4]
11: [0 5 3 2 1 4 6]
12: [0 2 4 1 3]
13: [0 4 2 5 1 3]
14: [0 1 3 5 4 2]
15: [0 3 5 1 2 4]
16: [0 2 1]
17: [0 2 1]
18: [0 4 2 5 3 6 1]
19: [0 2 4 5 3 1]
20: [ 0  5 11  6  2  1  8  3  7  9  4 10]
21: 0
22: 0
23: 0
24: 0
25: [0 5 3 8 7 2 1 6 4]
26: 0
27: 0
28: 0
29: 0
30: 0
31: 0
32: 0
33: 0
