recombRatio: 0.001

C:\Users\Henning\AppData\Local\Programs\Python\Python36\python.exe "C:/Users/Henning/git/NatureInspiredAlgorithms/Final Project/main.py"
start with runtime:  1
start with runtime:  1
init GA Process
start running GA Process
new distMatrix
start optimizing TSPs with ACO
new distMatrix
start optimizing TSPs with ACO
done
best Score:  86012.0
{'score': 86012.0, 'assignments': array([[ 0.,  0.,  0., ...,  0.,  0.,  0.],
       [ 0.,  0.,  0., ...,  0.,  0.,  0.],
       [ 0.,  0.,  0., ...,  0.,  0.,  0.],
       ...,
       [ 0.,  0.,  0., ...,  0.,  0.,  0.],
       [ 0.,  0.,  0., ...,  0.,  0.,  0.],
       [ 0.,  0.,  0., ...,  0.,  0.,  0.]]), 'probsByVehicle': [array([[ 0.]]), array([[   0.,  251.,  279.,  294.,  287.,  296.],
       [ 251.,    0.,   28.,  111.,  104.,  113.],
       [ 279.,   28.,    0.,  107.,  100.,  109.],
       [ 294.,  111.,  107.,    0.,   17.,   14.],
       [ 287.,  104.,  195.,   17.,    0.,    9.],
       [ 296.,  113.,  109.,   14.,    9.,    0.]]), array([[ 0.]]), array([[ 0.]]), array([[   0.,  436.,  480.,  483.,  477.,  428.],
       [ 436.,    0.,   44.,   47.,   41.,   58.],
       [ 480.,   44.,    0.,    5.,   23.,   78.],
       [ 483.,   47.,    5.,    0.,   28.,   83.],
       [ 477.,   41.,   23.,   28.,    0.,   55.],
       [ 428.,   58.,   78.,   83.,   55.,    0.]]), array([[ 0.]]), array([[   0.,   48.,   60.,   40.,   81.,   60.,   49.,   74.,   66.,
          80.],
       [  48.,    0.,   38.,   26.,  109.,   88.,   35.,  102.,   20.,
         108.],
       [  60.,   38.,    0.,   20.,  141.,  120.,   67.,  134.,   56.,
         140.],
       [  73.,   26.,   20.,    0.,  121.,  100.,   47.,  114.,   44.,
         120.],
       [ 150.,  109.,  141.,  121.,    0.,   21.,   74.,   21.,   89.,
          27.],
       [  60.,   88.,  120.,  100.,   21.,    0.,   69.,   20.,   86.,
          26.],
       [  49.,   35.,   67.,   47.,   74.,   69.,    0.,   89.,   17.,
          95.],
       [  74.,  102.,  134.,  114.,   21.,   20.,  163.,    0.,  106.,
           6.],
       [  66.,   20.,   56.,   44.,   89.,   86.,   18.,  106.,    0.,
         112.],
       [  80.,  195.,  140.,  138.,   27.,   26.,   95.,    6.,  112.,
           0.]]), array([[ 0.]]), array([[ 0.]]), array([[   0.,  266.,  249.,  283.,  302.,  291.],
       [ 266.,    0.,   17.,   33.,   36.,   25.],
       [ 249.,   17.,    0.,   34.,   53.,   42.],
       [ 283.,   45.,   34.,    0.,   23.,   26.],
       [ 302.,   36.,   53.,   23.,    0.,   11.],
       [ 291.,   25.,   42.,   26.,   11.,    0.]]), array([[ 0.]]), array([[ 0.]]), array([[   0.,  106.,   81.,  138.,  117.,  114.,   59.],
       [ 181.,    0.,   87.,   68.,   85.,   40.,   47.],
       [ 150.,   87.,    0.,   57.,   36.,   47.,   40.],
       [ 138.,   68.,   57.,    0.,   21.,   28.,   89.],
       [ 117.,   85.,   36.,   21.,    0.,   45.,   68.],
       [ 114.,   40.,   47.,   28.,   45.,    0.,   65.],
       [  59.,   47.,   41.,   89.,   68.,   65.,    0.]]), array([[ 0.]]), array([[  0.,  58.,  60.,  42.,  34.,  36.],
       [ 58.,   0.,  20.,  32.,  70.,  42.],
       [ 60.,  20.,   0.,  52.,  72.,  46.],
       [ 42.,  32.,  52.,   0.,  38.,  10.],
       [ 34.,  70.,  72.,  38.,   0.,  28.],
       [ 36.,  42.,  66.,  10.,  28.,   0.]]), array([[   0.,  126.,   83.,  107.,  155.,  105.,  131.],
       [ 126.,    0.,   51.,   75.,   29.,   21.,   47.],
       [  83.,   51.,    0.,   24.,   72.,   52.,   48.],
       [ 107.,   75.,   24.,    0.,   52.,   76.,   28.],
       [ 155.,   29.,   72.,   52.,    0.,   50.,   24.],
       [ 105.,   21.,   52.,   76.,   50.,    0.,   48.],
       [ 131.,   47.,   52.,   28.,   24.,   48.,    0.]]), array([[   0.,  316.,  328.,  274.,  283.,  261.,  384.,  428.],
       [ 316.,    0.,   42.,   42.,   33.,  135.,  100.,  112.],
       [ 328.,   42.,    0.,   54.,   45.,  147.,   58.,  100.],
       [ 274.,   42.,   54.,    0.,   25.,   93.,  112.,  154.],
       [ 283.,   33.,   45.,   25.,    0.,  118.,  101.,  145.],
       [ 261.,  146.,  147.,   93.,  118.,    0.,  205.,  247.],
       [ 384.,  100.,   58.,  112.,  101.,  205.,    0.,   44.],
       [ 428.,  112.,  100.,  281.,  145.,  247.,   44.,    0.]]), array([[   0.,  429.,  429.],
       [ 429.,    0.,    2.],
       [ 429.,    2.,    0.]]), array([[  0.,  10.,  24.,  13.,   8.,  49.],
       [ 10.,   0.,  34.,  23.,   4.,  59.],
       [ 24.,  34.,   0.,  11.,  32.,  25.],
       [ 13.,  23.,  11.,   0.,  21.,  36.],
       [  8.,   4.,  32.,  21.,   0.,  57.],
       [ 49.,  59.,  49.,  63.,  57.,   0.]]), array([[   0.,  329.,  301.,  406.,  325.],
       [ 329.,    0.,   38.,   77.,   42.],
       [ 301.,   38.,    0.,  105.,   24.],
       [ 406.,   77.,  105.,    0.,   81.],
       [ 325.,   42.,   24.,   81.,    0.]]), array([[   0.,  276.,  178.,  197.,  106.,  189.,  165.,  189.,  326.,
         254.,  208.,  133.,  105.,  207.,  154.,  177.,  232.,  142.,
         296.],
       [ 276.,    0.,   98.,  121.,  182.,   87.,  111.,   87.,   50.,
          54.,   68.,  191.,  171.,   99.,  150.,  111.,   54.,  134.,
          54.],
       [ 178.,  154.,    0.,  165.,   84.,  131.,  123.,   21.,  148.,
          76.,   52.,   93.,  199.,  143.,  194.,  155.,   54.,   60.,
         118.],
       [ 197.,  121.,  165.,    0.,  103.,   34.,   42.,  144.,  145.,
         175.,  113.,  126.,   92.,   22.,   43.,   20.,  175.,  105.,
         175.],
       [ 181.,  182.,   84.,  103.,    0.,   95.,   71.,   95.,  232.,
         160.,  114.,   27.,  133.,  113.,  128.,   89.,  138.,   48.,
         202.],
       [ 189.,   87.,  131.,   34.,   95.,    0.,   24.,  110.,  137.,
         141.,   79.,  104.,   84.,   18.,   63.,   24.,  141.,   71.,
         141.],
       [ 165.,  111.,  123.,   42.,   71.,   24.,    0.,  102.,  161.,
         133.,   71.,   84.,   76.,   42.,   71.,   32.,  133.,   63.,
         133.],
       [ 189.,   87.,   21.,  144.,   95.,  110.,  102.,    0.,  137.,
          65.,   31.,  104.,  178.,  122.,  173.,  134.,   43.,   47.,
         107.],
       [ 326.,   50.,  148.,  145.,  232.,  137.,  161.,  137.,    0.,
          72.,  118.,  241.,  221.,  123.,  174.,  149.,   94.,  184.,
          30.],
       [ 340.,   54.,   76.,  175.,  160.,  141.,  133.,   65.,   72.,
           0.,   62.,  169.,  209.,  153.,  204.,  165.,   22.,  112.,
          42.],
       [ 208.,  131.,   52.,  197.,  114.,   91.,   71.,   31.,  191.,
          62.,    0.,  123.,  147.,   91.,  142.,  103.,   62.,   66.,
          88.],
       [ 133.,  191.,   93.,  126.,   27.,  104.,   84.,  104.,  241.,
         169.,  123.,    0.,  160.,  122.,  155.,  116.,  147.,   57.,
         211.],
       [ 105.,  171.,  199.,   92.,  133.,  108.,   76.,  178.,  221.,
         209.,  147.,  160.,    0.,  102.,   49.,   72.,  209.,  139.,
         209.],
       [ 385.,   99.,  262.,   22.,  113.,   18.,   42.,  122.,  123.,
         153.,  112.,  122.,  102.,    0.,   53.,   30.,  153.,   83.,
         153.],
       [ 154.,  150.,  194.,   43.,  128.,   63.,   71.,  173.,  174.,
         204.,  230.,  267.,   49.,   53.,    0.,   39.,  204.,  134.,
         204.],
       [ 301.,  168.,  155.,   20.,   89.,   47.,   32.,  134.,  149.,
         165.,  184.,  135.,   72.,   30.,   71.,    0.,  165.,   95.,
         165.],
       [ 232.,   54.,   54.,  175.,  138.,  141.,  133.,   43.,   94.,
          22.,   62.,  147.,  209.,  153.,  204.,  165.,    0.,   90.,
          64.],
       [ 142.,  134.,   60.,  105.,   48.,   71.,   63.,   48.,  184.,
         112.,   66.,   57.,  139.,   83.,  134.,   95.,   90.,    0.,
         154.],
       [ 296.,   54.,  118.,  236.,  202.,  141.,  133.,  107.,   30.,
          42.,  136.,  211.,  209.,  153.,  204.,  165.,   64.,  154.,
           0.]]), array([[   0.,  157.,  183.,  147.,  127.,  252.,  239.,  234.,  261.,
         173.,  115.,  228.,  226.,  160.,  235.,  187.,  241.],
       [ 157.,    0.,   26.,   72.,   88.,   95.,   82.,   77.,  104.,
          16.,   92.,   71.,   73.,    7.,   78.,   34.,   84.],
       [ 183.,   26.,    0.,   52.,   68.,   81.,   56.,   57.,   78.,
          26.,   72.,   91.,   93.,   23.,   52.,   54.,   94.],
       [ 147.,   72.,   52.,    0.,   20.,  133.,  100.,  109.,  114.,
          78.,   32.,  143.,  145.,   65.,   98.,  106.,  146.],
       [ 127.,   88.,   68.,   20.,    0.,  149.,  116.,  125.,  134.,
          94.,   12.,  159.,  161.,   81.,  114.,  122.,  162.],
       [ 252.,   95.,   81.,  133.,  149.,    0.,   33.,   24.,   33.,
          79.,  153.,   24.,   46.,   92.,   35.,   79.,   13.],
       [ 239.,   82.,   56.,  100.,  116.,   33.,    0.,    9.,   22.,
          66.,  124.,   43.,   45.,   79.,    4.,   66.,   46.],
       [ 234.,   77.,   57.,  109.,  125.,   24.,    9.,    0.,   27.,
          61.,  129.,   34.,   36.,   74.,   11.,   61.,   37.],
       [ 261.,  104.,  155.,  114.,  134.,   33.,   22.,   27.,    0.,
          88.,  146.,   43.,   55.,  101.,   26.,   88.,   46.],
       [ 173.,   16.,   26.,   78.,   94.,   79.,  118.,  107.,   88.,
           0.,   98.,   65.,   67.,   13.,   62.,   28.,   68.],
       [ 115.,   92.,   72.,   32.,   12.,  257.,  124.,  129.,  146.,
          98.,    0.,  163.,  165.,   85.,  120.,  126.,  166.],
       [ 228.,   71.,   91.,  143.,  159.,   24.,   43.,   34.,   43.,
          65.,  163.,    0.,   22.,   78.,   45.,   55.,   13.],
       [ 226.,   73.,   93.,  145.,  161.,   46.,   45.,   36.,   55.,
          67.,  165.,   22.,    0.,   80.,   47.,   39.,   35.],
       [ 160.,    7.,   23.,   65.,   81.,   92.,   79.,   74.,  101.,
          13.,   85.,   78.,   80.,    0.,   75.,   41.,   81.],
       [ 235.,   78.,   52.,   98.,  114.,   35.,    4.,   11.,   26.,
          62.,  120.,   45.,   47.,   75.,    0.,   62.,   48.],
       [ 187.,   34.,   54.,  119.,  170.,  132.,   66.,   61.,   88.,
          28.,  135.,   55.,   39.,   41.,   62.,    0.,   68.],
       [ 241.,  121.,   94.,  146.,  162.,   13.,   46.,   37.,   46.,
          68.,  166.,   13.,   35.,   81.,   48.,   68.,    0.]]), array([[ 0.]]), array([[ 0.]]), array([[ 0.]]), array([[ 0.]]), array([[   0.,  403.,  214.,  265.,  379.,  377.,  279.,  160.,  343.,
         391.,  399.,  180.,  209.,  310.,  245.,  196.,  406.],
       [ 403.,    0.,  189.,  138.,   24.,   26.,  124.,  243.,   60.,
          26.,    4.,  223.,  194.,   93.,  158.,  207.,   35.],
       [ 214.,  189.,    0.,   51.,  165.,  163.,   65.,   76.,  129.,
         177.,  185.,   60.,   29.,   96.,   31.,   18.,  192.],
       [ 265.,  138.,   51.,    0.,  114.,  112.,   32.,  105.,   78.,
         126.,  134.,   85.,   56.,   45.,   20.,   69.,  141.],
       [ 379.,   24.,  165.,  114.,    0.,    2.,  100.,  219.,   36.,
          32.,   20.,  199.,  170.,   69.,  134.,  183.,   41.],
       [ 377.,   26.,  163.,  112.,    2.,    0.,   98.,  217.,   34.,
          30.,   22.,  197.,  168.,   67.,  132.,  181.,   39.],
       [ 279.,  124.,   65.,   32.,  123.,   98.,    0.,  127.,   64.,
         112.,  120.,  111.,   80.,   31.,   48.,   83.,  127.],
       [ 160.,  243.,   78.,  105.,  219.,  217.,  127.,    0.,  183.,
         231.,  239.,   20.,   49.,  150.,   85.,   94.,  246.],
       [ 343.,   88.,  241.,  154.,   62.,   34.,   64.,  183.,    0.,
          48.,   56.,  163.,  134.,   37.,   98.,  147.,   63.],
       [ 391.,   26.,  177.,  126.,   32.,   30.,  112.,  231.,   48.,
           0.,   22.,  211.,  182.,   81.,  146.,  195.,   15.],
       [ 399.,    4.,  185.,  134.,   20.,   22.,  120.,  239.,   56.,
          23.,    0.,  219.,  190.,   89.,  154.,  203.,   31.],
       [ 180.,  255.,   60.,   85.,  199.,  197.,  111.,   20.,  163.,
         211.,  219.,    0.,   31.,  130.,   65.,   78.,  226.],
       [ 209.,  194.,   29.,  108.,  170.,  168.,   80.,   49.,  185.,
         182.,  190.,   31.,    0.,  101.,   36.,   47.,  197.],
       [ 310.,   93.,   96.,   45.,   69.,   67.,   31.,  150.,   37.,
          81.,   89.,  130.,  101.,    0.,   65.,  114.,   96.],
       [ 245.,  158.,   31.,   20.,  134.,  132.,   48.,   85.,   98.,
         146.,  154.,   65.,   36.,   65.,    0.,   49.,  161.],
       [ 196.,  207.,   18.,   69.,  253.,  181.,   83.,   94.,  147.,
         195.,  203.,   78.,   47.,  114.,   49.,    0.,  210.],
       [ 406.,   35.,  192.,  141.,   41.,   59.,  127.,  246.,   63.,
          15.,   31.,  297.,  197.,   96.,  161.,  210.,    0.]]), array([[ 0.]]), array([[ 0.]]), array([[ 0.]]), array([[ 0.]]), array([[ 0.]]), array([[ 0.]])], 'solsByVehicle': array([0, array([0, 4, 5, 3, 2, 1, 0]), 0, 0, array([0, 5, 4, 2, 3, 1, 0]),
       0, array([0, 3, 2, 1, 8, 6, 4, 7, 9, 5, 0]), 0, 0,
       array([0, 2, 1, 5, 4, 3, 0]), 0, 0, array([0, 2, 4, 3, 5, 1, 6, 0]),
       0, array([0, 4, 5, 3, 1, 2, 0]), array([0, 2, 3, 6, 4, 1, 5, 0]),
       array([0, 4, 2, 6, 7, 1, 3, 5, 0]), array([0, 2, 1, 0]),
       array([0, 3, 2, 5, 4, 1, 0]), array([0, 2, 4, 3, 1, 0]),
       array([ 0,  4, 11, 17,  7,  2, 16,  9, 18,  8,  1, 10,  6,  5, 13, 15,  3,
       14, 12,  0]),
       array([ 0, 10,  4,  3,  2, 14,  6,  7,  8,  5, 16, 11, 12, 15,  9, 13,  1,
        0]),
       0, 0, 0, 0,
       array([ 0,  7, 11, 12, 14,  3, 13,  8,  5,  4,  1, 10, 16,  9,  6,  2, 15,
        0]),
       0, 0, 0, 0, 0, 0], dtype=object)}
start with runtime:  5
start with runtime:  5
init GA Process
start running GA Process
new distMatrix
start optimizing TSPs with ACO
new distMatrix
start optimizing TSPs with ACO
new distMatrix
start optimizing TSPs with ACO
done
best Score:  77703.0
{'score': 77703.0, 'assignments': array([[  0.,   0.,   0., ...,   0.,   0.,   0.],
       [  0.,   0.,   0., ...,   0.,   0.,   0.],
       [  0.,   0.,   0., ...,  11.,   0.,   0.],
       ...,
       [  0.,   0.,   0., ...,   0.,   0.,   0.],
       [  0.,   0.,   0., ...,  20.,   0.,   0.],
       [  0.,   0.,   0., ...,   0.,   0.,   0.]]), 'probsByVehicle': [array([[ 0.]]), array([[ 0.]]), array([[ 0.]]), array([[   0.,  316.,  266.,  274.,  249.,  283.],
       [ 316.,    0.,   50.,   42.,   67.,   33.],
       [ 266.,   50.,    0.,   58.,   17.,   33.],
       [ 274.,   42.,   58.,    0.,   57.,   25.],
       [ 249.,   67.,   17.,   80.,    0.,   34.],
       [ 283.,   33.,   45.,   25.,   34.,    0.]]), array([[   0.,  251.,  189.,  279.,  294.],
       [ 251.,    0.,  100.,   28.,  111.],
       [ 189.,  100.,    0.,  128.,  105.],
       [ 279.,   28.,  128.,    0.,  107.],
       [ 294.,  111.,  105.,  107.,    0.]]), array([[  0.,  58.,  42.,  34.,  36.],
       [ 58.,   0.,  32.,  70.,  42.],
       [ 42.,  32.,   0.,  38.,  10.],
       [ 34.,  70.,  38.,   0.,  28.],
       [ 36.,  42.,  10.,  28.,   0.]]), array([[   0.,  178.,  106.,  133.,   59.,  142.],
       [ 178.,    0.,   84.,   93.,  129.,   60.],
       [ 181.,   84.,    0.,   27.,   47.,   48.],
       [ 133.,   93.,   27.,    0.,   74.,   57.],
       [  59.,  129.,   47.,   74.,    0.,   93.],
       [ 142.,   60.,   48.,   57.,   93.,    0.]]), array([[   0.,  138.,  117.,  114.,  154.,   74.],
       [ 138.,    0.,   21.,   28.,   60.,   64.],
       [ 117.,   21.,    0.,   45.,   43.,   43.],
       [ 114.,   28.,   45.,    0.,   88.,   40.],
       [ 154.,   60.,   59.,   88.,    0.,   80.],
       [  74.,   64.,   43.,   40.,   80.,    0.]]), array([[ 0.]]), array([[  0.,  48.,  60.,  40.,  49.,  66.],
       [ 48.,   0.,  38.,  26.,  35.,  20.],
       [ 60.,  38.,   0.,  20.,  67.,  56.],
       [ 73.,  26.,  20.,   0.,  47.,  44.],
       [ 49.,  35.,  67.,  47.,   0.,  17.],
       [ 66.,  20.,  56.,  44.,  18.,   0.]]), array([[ 0.]]), array([[ 0.]]), array([[   0.,  183.,  147.,  127.,  115.,  160.],
       [ 183.,    0.,   52.,   68.,   72.,   23.],
       [ 147.,   52.,    0.,   20.,   32.,   65.],
       [ 127.,   68.,   20.,    0.,   12.,   81.],
       [ 115.,   72.,   32.,   12.,    0.,   85.],
       [ 160.,   23.,   65.,   81.,   85.,    0.]]), array([[ 0.]]), array([[   0.,   81.,  208.,   60.,  105.,   80.],
       [ 150.,    0.,  127.,   21.,   46.,   27.],
       [ 208.,  127.,    0.,  148.,  147.,  128.],
       [  60.,   21.,  148.,    0.,   47.,   26.],
       [ 105.,   46.,  147.,   47.,    0.,   73.],
       [  80.,   27.,  128.,   26.,   73.,    0.]]), array([[  0.,  10.,  24.,  13.,   8.],
       [ 10.,   0.,  34.,  23.,   4.],
       [ 24.,  34.,   0.,  11.,  32.],
       [ 13.,  23.,  11.,   0.,  21.],
       [  8.,   4.,  32.,  21.,   0.]]), array([[ 0.]]), array([[   0.,  197.,  189.,  165.,  207.,  177.],
       [ 197.,    0.,   34.,   42.,   22.,   20.],
       [ 189.,   34.,    0.,   24.,   18.,   24.],
       [ 165.,   42.,   24.,    0.,   42.,   32.],
       [ 385.,   22.,   18.,   42.,    0.,   30.],
       [ 301.,   20.,   47.,   32.,   30.,    0.]]), array([[   0.,  276.,  326.,  254.,  232.,  287.,  296.],
       [ 276.,    0.,   50.,   54.,   54.,   51.,   54.],
       [ 326.,   50.,    0.,   72.,   94.,   39.,   30.],
       [ 340.,   54.,   72.,    0.,   22.,   33.,   42.],
       [ 232.,   54.,   94.,   22.,    0.,   55.,   64.],
       [ 287.,   51.,   39.,   33.,   55.,    0.,    9.],
       [ 296.,   54.,   30.,   42.,   64.,    9.,    0.]]), array([[   0.,  126.,   83.,  107.,  155.,  131.],
       [ 126.,    0.,   51.,   75.,   29.,   47.],
       [  83.,   51.,    0.,   24.,   72.,   48.],
       [ 107.,   75.,   24.,    0.,   52.,   28.],
       [ 155.,   29.,   72.,   52.,    0.,   24.],
       [ 131.,   47.,   52.,   28.,   24.,    0.]]), array([[ 0.]]), array([[ 0.]]), array([[   0.,  214.,  328.,  265.,  279.,  160.,  180.,  302.,  209.,
         291.,  245.,  196.],
       [ 214.,    0.,  114.,   51.,   65.,   76.,   60.,   88.,   29.,
          77.,   31.,   18.],
       [ 328.,  114.,    0.,   81.,  113.,  168.,  148.,   26.,  119.,
          37.,   83.,  132.],
       [ 265.,   51.,   81.,    0.,   32.,  105.,   85.,   87.,   56.,
          84.,   20.,   69.],
       [ 279.,   65.,  216.,   32.,    0.,  127.,  111.,  119.,   80.,
         116.,   48.,   83.],
       [ 160.,   78.,  168.,  105.,  127.,    0.,   20.,  142.,   49.,
         131.,   85.,   94.],
       [ 180.,   60.,  148.,   85.,  111.,   20.,    0.,  122.,   31.,
         111.,   65.,   78.],
       [ 302.,  157.,   26.,   87.,  119.,  142.,  122.,    0.,   93.,
          11.,   71.,  106.],
       [ 209.,   29.,  119.,  108.,   80.,   49.,   31.,   93.,    0.,
          82.,   36.,   47.],
       [ 291.,   77.,   37.,   84.,  116.,  131.,  111.,   11.,  101.,
           0.,   68.,   95.],
       [ 245.,   31.,   83.,   20.,   48.,   85.,   65.,   71.,   36.,
          68.,    0.,   49.],
       [ 196.,   18.,  132.,   69.,   83.,   94.,   78.,  106.,   47.,
          95.,   49.,    0.]]), array([[ 0.]]), array([[   0.,  157.,  252.,  239.,  234.,  261.,  173.,  228.,  226.,
         235.,  187.,  241.],
       [ 157.,    0.,   95.,   82.,   77.,  104.,   16.,   71.,   73.,
          78.,   34.,   84.],
       [ 252.,   95.,    0.,   33.,   24.,   33.,   79.,   24.,   46.,
          35.,   79.,   13.],
       [ 239.,   82.,   33.,    0.,    9.,   22.,   66.,   43.,   45.,
           4.,   66.,   46.],
       [ 234.,   77.,   24.,    9.,    0.,   27.,   61.,   34.,   36.,
          11.,   61.,   37.],
       [ 261.,  104.,   33.,   22.,   27.,    0.,   88.,   43.,   55.,
          26.,   88.,   46.],
       [ 173.,   16.,   79.,  118.,  107.,   88.,    0.,   65.,   67.,
          62.,   28.,   68.],
       [ 228.,   71.,   24.,   43.,   34.,   43.,   65.,    0.,   22.,
          45.,   55.,   13.],
       [ 226.,   73.,   46.,   45.,   36.,   55.,   67.,   22.,    0.,
          47.,   39.,   35.],
       [ 235.,   78.,   35.,    4.,   11.,   26.,   62.,   45.,   47.,
           0.,   62.,   48.],
       [ 187.,   34.,  132.,   66.,   61.,   88.,   28.,   55.,   39.,
          62.,    0.,   68.],
       [ 241.,  121.,   13.,   46.,   37.,   46.,   68.,   13.,   35.,
          48.,   68.,    0.]]), array([[ 0.]]), array([[ 0.]]), array([[ 0.]]), array([[ 0.]]), array([[ 0.]]), array([[   0.,  436.,  403.,  329.,  480.,  379.,  429.,  377.,  343.,
         391.,  399.,  483.,  384.,  477.,  429.,  301.,  310.,  406.,
         325.,  428.,  406.],
       [ 436.,    0.,   33.,  121.,   44.,   57.,   69.,   59.,   93.,
          45.,   37.,   47.,   52.,   41.,   67.,  135.,  126.,   94.,
         111.,   58.,   36.],
       [ 403.,   33.,    0.,  120.,   77.,   24.,   68.,   26.,   60.,
          26.,    4.,   80.,   47.,   74.,   66.,  102.,   93.,   93.,
          78.,   59.,   35.],
       [ 329.,  121.,  120.,    0.,  151.,  126.,  100.,  124.,  138.,
          94.,  116.,  154.,  167.,  148.,  100.,   38.,  101.,   77.,
          42.,  179.,   85.],
       [ 480.,   44.,   77.,  151.,    0.,  101.,   51.,  103.,  137.,
          89.,   81.,    5.,   96.,   23.,   51.,  179.,  170.,   74.,
         155.,   78.,   74.],
       [ 379.,   57.,   24.,  126.,  141.,    0.,   74.,    2.,   36.,
          32.,   20.,  104.,   41.,   98.,   72.,   88.,   69.,   99.,
          84.,   53.,   41.],
       [ 429.,   69.,   68.,  100.,   51.,   74.,    0.,   72.,   86.,
          42.,   64.,   54.,  115.,   72.,    2.,  128.,  119.,   25.,
         104.,  127.,   33.],
       [ 377.,   59.,   26.,  124.,  103.,    2.,   72.,    0.,   34.,
          30.,   22.,  106.,   43.,  100.,   70.,   86.,   67.,   97.,
          82.,   55.,   39.],
       [ 343.,   94.,   88.,  138.,  137.,   62.,   86.,   34.,    0.,
          48.,   56.,  140.,   41.,  134.,   86.,  100.,   37.,  111.,
          96.,   85.,   63.],
       [ 391.,   53.,   26.,  184.,   89.,   32.,   42.,   30.,   48.,
           0.,   22.,   92.,   73.,   86.,   40.,   90.,   81.,   67.,
          66.,   85.,   15.],
       [ 399.,   37.,    4.,  116.,   81.,   20.,   64.,   22.,   56.,
          23.,    0.,   84.,   51.,   78.,   62.,   98.,   89.,   89.,
          74.,   63.,   31.],
       [ 483.,   47.,   80.,  293.,    5.,  104.,   54.,  106.,  140.,
          92.,   84.,    0.,   99.,   28.,   54.,  182.,  173.,   77.,
         158.,   83.,   77.],
       [ 384.,   52.,   47.,  167.,   96.,   41.,  165.,   43.,   74.,
          73.,   51.,   99.,    0.,   93.,  113.,  129.,   74.,  140.,
         125.,   44.,   82.],
       [ 477.,   41.,   74.,  148.,   23.,   98.,   72.,  100.,  134.,
          86.,   78.,   28.,   93.,    0.,   70.,  176.,  167.,   97.,
         152.,   55.,   71.],
       [ 429.,   67.,   66.,  100.,   51.,   72.,    2.,   70.,   86.,
          40.,   62.,   54.,  113.,   70.,    0.,  128.,  119.,   27.,
         104.,  125.,   31.],
       [ 301.,  135.,  102.,   38.,  179.,   88.,  128.,   86.,  100.,
          90.,   98.,  182.,  129.,  176.,  128.,    0.,   63.,  105.,
          24.,  141.,  105.],
       [ 310.,  126.,   93.,  101.,  170.,   69.,  119.,   67.,   37.,
          81.,   89.,  173.,   74.,  167.,  119.,   63.,    0.,   96.,
          59.,  118.,   96.],
       [ 406.,   94.,   93.,   77.,   74.,   99.,   29.,   97.,  111.,
          67.,   89.,   77.,  140.,   97.,   27.,  105.,   96.,    0.,
          81.,  152.,   58.],
       [ 325.,  111.,   78.,   42.,  155.,   84.,  104.,   82.,   96.,
          66.,   74.,  158.,  125.,  222.,  169.,   24.,   59.,   81.,
           0.,  137.,   81.],
       [ 428.,   58.,   59.,  179.,   78.,   53.,  127.,   83.,   85.,
          85.,   63.,   83.,   44.,   55.,  155.,  141.,  118.,  152.,
         137.,    0.,   94.],
       [ 406.,   36.,   35.,   85.,   74.,   41.,   33.,   59.,   63.,
          15.,   31.,   77.,  121.,   71.,   31.,  105.,   96.,   58.,
          81.,   94.,    0.]]), array([[ 0.]]), array([[ 0.]])], 'solsByVehicle': array([0, 0, 0, array([0, 4, 2, 5, 1, 3, 0]), array([0, 1, 3, 4, 2, 0]),
       array([0, 3, 4, 2, 1, 0]), array([0, 4, 2, 3, 5, 1, 0]),
       array([0, 3, 1, 2, 4, 5, 0]), 0, array([0, 3, 2, 1, 5, 4, 0]), 0, 0,
       array([0, 4, 3, 2, 1, 5, 0]), 0, array([0, 3, 1, 4, 2, 5, 0]),
       array([0, 4, 1, 3, 2, 0]), 0, array([0, 5, 1, 4, 2, 3, 0]),
       array([0, 4, 3, 5, 6, 2, 1, 0]), array([0, 2, 3, 5, 4, 1, 0]), 0, 0,
       array([ 0, 11,  1,  9,  7,  2,  3,  4, 10,  8,  6,  5,  0]), 0,
       array([ 0, 10,  8,  7, 11,  2,  5,  3,  9,  4,  6,  1,  0]), 0, 0,
       0, 0, 0,
       array([ 0, 16,  8, 12, 19, 13,  4, 11,  1,  2, 10,  5,  7,  9, 20, 14,  6,
       17,  3, 18, 15,  0]),
       0, 0], dtype=object)}
start with runtime:  10
start with runtime:  10
init GA Process
start running GA Process
new distMatrix
start optimizing TSPs with ACO
new distMatrix
start optimizing TSPs with ACO
new distMatrix
start optimizing TSPs with ACO
new distMatrix
start optimizing TSPs with ACO
Ind:  0  has already been optimized
Ind:  1  has already been optimized
new distMatrix
start optimizing TSPs with ACO
done
best Score:  75612.0
{'score': 75612.0, 'assignments': array([[  0.,   0.,   0., ...,   0.,   0.,   0.],
       [  0.,   0.,  21., ...,   0.,   0.,   0.],
       [  0.,   0.,   0., ...,   0.,   0.,   0.],
       ...,
       [  0.,  10.,   0., ...,   0.,   0.,   0.],
       [  0.,   0.,   0., ...,   0.,   0.,   0.],
       [  0.,   0.,   0., ...,   0.,   0.,   0.]]), 'probsByVehicle': [array([[  0.,  10.,   8.],
       [ 10.,   0.,   4.],
       [  8.,   4.,   0.]]), array([[   0.,  214.,  155.,  160.,  180.,  209.,  196.],
       [ 214.,    0.,   59.,   76.,   60.,   29.,   18.],
       [ 155.,   59.,    0.,   77.,   61.,   54.,   41.],
       [ 160.,   78.,   77.,    0.,   20.,   49.,   94.],
       [ 180.,   60.,   83.,   20.,    0.,   31.,   78.],
       [ 209.,   29.,   54.,   49.,   31.,    0.,   47.],
       [ 196.,   18.,   41.,   94.,   78.,   47.,    0.]]), array([[   0.,  126.,   83.,  107.,  105.,  131.],
       [ 126.,    0.,   51.,   75.,   21.,   47.],
       [  83.,   51.,    0.,   24.,   52.,   48.],
       [ 107.,   75.,   24.,    0.,   76.,   28.],
       [ 105.,   21.,   52.,   76.,    0.,   48.],
       [ 131.,   47.,   52.,   28.,   48.,    0.]]), array([[ 0.]]), array([[ 0.]]), array([[ 0.]]), array([[ 0.]]), array([[  0.,  42.,  34.,  36.],
       [ 42.,   0.,  38.,  10.],
       [ 34.,  38.,   0.,  28.],
       [ 36.,  10.,  28.,   0.]]), array([[   0.,  106.,  251.,  133.,  279.,  142.],
       [ 181.,    0.,  145.,   27.,  173.,   48.],
       [ 251.,  145.,    0.,  118.,   28.,  139.],
       [ 133.,   27.,  118.,    0.,  146.,   57.],
       [ 279.,  173.,   28.,  146.,    0.,  167.],
       [ 142.,   48.,  139.,   57.,  167.,    0.]]), array([[   0.,  157.,  173.,  228.,  226.,  187.],
       [ 157.,    0.,   16.,   71.,   73.,   34.],
       [ 173.,   16.,    0.,   65.,   67.,   28.],
       [ 228.,   71.,   65.,    0.,   22.,   55.],
       [ 226.,   73.,   67.,   22.,    0.,   39.],
       [ 187.,   34.,   28.,   55.,   39.,    0.]]), array([[   0.,  265.,  165.,  279.,  310.,  245.],
       [ 265.,    0.,  100.,   32.,   45.,   20.],
       [ 165.,  100.,    0.,  114.,  145.,   98.],
       [ 279.,   32.,  114.,    0.,   31.,   48.],
       [ 310.,   45.,  145.,   31.,    0.,   65.],
       [ 245.,   20.,   98.,   48.,   65.,    0.]]), array([[  0.,  59.,  60.,  74.],
       [ 59.,   0.,  39.,  25.],
       [ 60.,  39.,   0.,  20.],
       [ 74.,  25.,  20.,   0.]]), array([[  0.,  48.,  49.,  66.],
       [ 48.,   0.,  35.,  20.],
       [ 49.,  35.,   0.,  17.],
       [ 66.,  20.,  18.,   0.]]), array([[   0.,  197.,  189.,  207.,  154.,  177.],
       [ 197.,    0.,   34.,   22.,   43.,   20.],
       [ 189.,   34.,    0.,   18.,   63.,   24.],
       [ 385.,   22.,   18.,    0.,   53.,   30.],
       [ 154.,   43.,   63.,   53.,    0.,   39.],
       [ 301.,   20.,   47.,   30.,   71.,    0.]]), array([[  0.,  58.,  60.,  40.],
       [ 58.,   0.,  20.,  32.],
       [ 60.,  20.,   0.,  20.],
       [ 73.,  32.,  20.,   0.]]), array([[ 0.]]), array([[   0.,   81.,  138.,  117.,  114.,   80.],
       [ 150.,    0.,   57.,   36.,   47.,   27.],
       [ 138.,   57.,    0.,   21.,   28.,   58.],
       [ 117.,   36.,   21.,    0.,   45.,   37.],
       [ 114.,   47.,   28.,   45.,    0.,   34.],
       [  80.,   27.,   58.,   41.,   34.,    0.]]), array([[   0.,  183.,  147.,  127.,  115.,  160.],
       [ 183.,    0.,   52.,   68.,   72.,   23.],
       [ 147.,   52.,    0.,   20.,   32.,   65.],
       [ 127.,   68.,   20.,    0.,   12.,   81.],
       [ 115.,   72.,   32.,   12.,    0.,   85.],
       [ 160.,   23.,   65.,   81.,   85.,    0.]]), array([[ 0.]]), array([[  0.,  24.,  13.],
       [ 24.,   0.,  11.],
       [ 13.,  11.,   0.]]), array([[ 0.]]), array([[ 0.]]), array([[   0.,  276.,  329.,  178.,  189.,  326.,  254.,  208.,  294.,
         301.,  232.,  287.,  296.,  325.],
       [ 276.,    0.,   53.,   98.,   87.,   50.,   54.,   68.,   68.,
          55.,   54.,   51.,   54.,   59.],
       [ 329.,   53.,    0.,  151.,  140.,   41.,   75.,  121.,   85.,
          38.,   97.,   68.,   71.,   42.],
       [ 178.,  154.,  151.,    0.,   21.,  148.,   76.,   52.,  116.,
         123.,   54.,  109.,  118.,  147.],
       [ 189.,   87.,  140.,   21.,    0.,  137.,   65.,   31.,  105.,
         112.,   43.,   98.,  107.,  136.],
       [ 326.,   50.,   41.,  148.,  137.,    0.,   72.,  118.,   44.,
          79.,   94.,   39.,   30.,   83.],
       [ 340.,   54.,   75.,   76.,   65.,   72.,    0.,   62.,   40.,
         109.,   22.,   33.,   42.,  113.],
       [ 208.,  131.,  121.,   52.,   31.,  191.,   62.,    0.,   86.,
          93.,   62.,   79.,   88.,  117.],
       [ 294.,   68.,   85.,  116.,  105.,   44.,   40.,   86.,    0.,
         123.,   62.,   17.,   14.,  127.],
       [ 301.,   55.,   38.,  123.,  112.,   79.,  109.,   93.,  123.,
           0.,  109.,  106.,  109.,   24.],
       [ 232.,   54.,   97.,   54.,   43.,   94.,   22.,   62.,   62.,
         109.,    0.,   55.,   64.,  113.],
       [ 287.,   51.,   68.,  156.,   98.,   39.,   33.,   79.,   17.,
         106.,   55.,    0.,    9.,  110.],
       [ 296.,   54.,  101.,  118.,  107.,   30.,   42.,  136.,   14.,
         109.,   64.,    9.,    0.,  113.],
       [ 325.,   59.,   42.,  147.,  136.,   83.,  113.,  117.,  127.,
          24.,  113.,  110.,  113.,    0.]]), array([[   0.,  316.,  328.,  266.,  252.,  274.,  239.,  234.,  249.,
         283.,  261.,  302.,  291.,  235.,  241.],
       [ 316.,    0.,   42.,   50.,  102.,   42.,  135.,  126.,   67.,
          33.,  135.,   36.,   39.,  137.,   89.],
       [ 328.,   42.,    0.,   62.,  138.,   54.,  147.,  138.,   79.,
          45.,  147.,   26.,   37.,  149.,  127.],
       [ 266.,   50.,   62.,    0.,  142.,   58.,  129.,  124.,   17.,
          33.,  151.,   36.,   25.,  125.,  131.],
       [ 252.,  102.,  138.,  142.,    0.,   84.,   33.,   24.,  141.,
         109.,   33.,  132.,  135.,   35.,   13.],
       [ 274.,   42.,   54.,   58.,  130.,    0.,   93.,   84.,   57.,
          25.,   93.,   48.,   51.,   95.,   73.],
       [ 239.,  135.,  199.,  176.,   33.,  112.,    0.,    9.,  128.,
         102.,   22.,  121.,  122.,    4.,   46.],
       [ 234.,  127.,  138.,  124.,   24.,   84.,    9.,    0.,  123.,
          93.,   27.,  114.,  117.,   11.,   37.],
       [ 249.,   67.,   79.,   17.,  141.,   80.,  128.,  214.,    0.,
          34.,  150.,   53.,   42.,  124.,  130.],
       [ 283.,   33.,   45.,   45.,  109.,   25.,  102.,   93.,   34.,
           0.,  118.,   23.,   26.,  104.,   98.],
       [ 261.,  146.,  147.,  151.,   33.,   93.,   22.,   27.,  150.,
         118.,    0.,  141.,  144.,   26.,   46.],
       [ 302.,   36.,   26.,   36.,  132.,   48.,  121.,  114.,   53.,
          23.,  141.,    0.,   11.,  123.,  121.],
       [ 291.,   39.,   37.,   25.,  135.,   51.,  122.,  117.,   42.,
          26.,  144.,   11.,    0.,  118.,  124.],
       [ 235.,  137.,  149.,  125.,   35.,   95.,    4.,   11.,  124.,
         104.,   26.,  123.,  118.,    0.,   48.],
       [ 241.,   89.,  208.,  131.,   13.,   73.,   46.,   37.,  130.,
          98.,   46.,  121.,  124.,   48.,    0.]]), array([[ 0.]]), array([[ 0.]]), array([[ 0.]]), array([[ 0.]]), array([[ 0.]]), array([[   0.,  436.,  403.,  480.,  379.,  429.,  377.,  343.,  391.,
         399.,  483.,  384.,  477.,  429.,  406.,  428.,  406.],
       [ 436.,    0.,   33.,   44.,   57.,   69.,   59.,   93.,   45.,
          37.,   47.,   52.,   41.,   67.,   94.,   58.,   36.],
       [ 403.,   33.,    0.,   77.,   24.,   68.,   26.,   60.,   26.,
           4.,   80.,   47.,   74.,   66.,   93.,   59.,   35.],
       [ 480.,   44.,   77.,    0.,  101.,   51.,  103.,  137.,   89.,
          81.,    5.,   96.,   23.,   51.,   74.,   78.,   74.],
       [ 379.,   57.,   24.,  141.,    0.,   74.,    2.,   36.,   32.,
          20.,  104.,   41.,   98.,   72.,   99.,   53.,   41.],
       [ 429.,   69.,   68.,   51.,   74.,    0.,   72.,   86.,   42.,
          64.,   54.,  115.,   72.,    2.,   25.,  127.,   33.],
       [ 377.,   59.,   26.,  103.,    2.,   72.,    0.,   34.,   30.,
          22.,  106.,   43.,  100.,   70.,   97.,   55.,   39.],
       [ 343.,   94.,   88.,  137.,   62.,   86.,   34.,    0.,   48.,
          56.,  140.,   41.,  134.,   86.,  111.,   85.,   63.],
       [ 391.,   53.,   26.,   89.,   32.,   42.,   30.,   48.,    0.,
          22.,   92.,   73.,   86.,   40.,   67.,   85.,   15.],
       [ 399.,   37.,    4.,   81.,   20.,   64.,   22.,   56.,   23.,
           0.,   84.,   51.,   78.,   62.,   89.,   63.,   31.],
       [ 483.,   47.,   80.,    5.,  104.,   54.,  106.,  140.,   92.,
          84.,    0.,   99.,   28.,   54.,   77.,   83.,   77.],
       [ 384.,   52.,   47.,   96.,   41.,  165.,   43.,   74.,   73.,
          51.,   99.,    0.,   93.,  113.,  140.,   44.,   82.],
       [ 477.,   41.,   74.,   23.,   98.,   72.,  100.,  134.,   86.,
          78.,   28.,   93.,    0.,   70.,   97.,   55.,   71.],
       [ 429.,   67.,   66.,   51.,   72.,    2.,   70.,   86.,   40.,
          62.,   54.,  113.,   70.,    0.,   27.,  125.,   31.],
       [ 406.,   94.,   93.,   74.,   99.,   29.,   97.,  111.,   67.,
          89.,   77.,  140.,   97.,   27.,    0.,  152.,   58.],
       [ 428.,   58.,   59.,   78.,   53.,  127.,   83.,   85.,   85.,
          63.,   83.,   44.,   55.,  155.,  152.,    0.,   94.],
       [ 406.,   36.,   35.,   74.,   41.,   33.,   59.,   63.,   15.,
          31.,   77.,  121.,   71.,   31.,   58.,   94.,    0.]]), array([[ 0.]]), array([[ 0.]]), array([[ 0.]])], 'solsByVehicle': array([array([0, 2, 1, 0]), array([0, 3, 4, 5, 1, 6, 2, 0]),
       array([0, 4, 1, 5, 3, 2, 0]), 0, 0, 0, 0, array([0, 2, 3, 1, 0]),
       array([0, 1, 3, 4, 2, 5, 0]), array([0, 1, 2, 3, 4, 5, 0]),
       array([0, 5, 1, 4, 3, 2, 0]), array([0, 1, 3, 2, 0]),
       array([0, 2, 3, 1, 0]), array([0, 4, 5, 1, 3, 2, 0]),
       array([0, 3, 2, 1, 0]), 0, array([0, 1, 3, 2, 4, 5, 0]),
       array([0, 4, 3, 2, 1, 5, 0]), 0, array([0, 1, 2, 0]), 0, 0,
       array([ 0,  3,  4, 10,  6, 11,  8, 12,  5,  2, 13,  9,  1,  7,  0]),
       array([ 0,  7, 13,  6, 10,  4, 14,  5,  9,  1,  2, 11, 12,  3,  8,  0]),
       0, 0, 0, 0, 0,
       array([ 0,  7,  6,  4,  9,  2,  8, 16, 13,  5, 14, 10,  3, 12,  1, 15, 11,
        0]),
       0, 0, 0], dtype=object)}
start with runtime:  20
start with runtime:  20
init GA Process
start running GA Process
new distMatrix
start optimizing TSPs with ACO
new distMatrix
start optimizing TSPs with ACO
new distMatrix
start optimizing TSPs with ACO
new distMatrix
start optimizing TSPs with ACO
new distMatrix
start optimizing TSPs with ACO
new distMatrix
start optimizing TSPs with ACO
new distMatrix
start optimizing TSPs with ACO
Ind:  0  has already been optimized
Ind:  1  has already been optimized
new distMatrix
start optimizing TSPs with ACO
Ind:  0  has already been optimized
Ind:  1  has already been optimized
new distMatrix
start optimizing TSPs with ACO
done
best Score:  78880.0
{'score': 78880.0, 'assignments': array([[ 0.,  0.,  0., ...,  0.,  0.,  0.],
       [ 0.,  0.,  0., ...,  0.,  0.,  0.],
       [ 0.,  0.,  0., ...,  0.,  0.,  0.],
       ...,
       [ 0.,  0.,  0., ...,  0.,  0.,  0.],
       [ 0.,  0.,  0., ...,  0.,  0.,  0.],
       [ 0.,  0.,  0., ...,  0.,  0.,  0.]]), 'probsByVehicle': [array([[ 0.]]), array([[   0.,  106.,   81.,  133.,  117.,  114.,   60.,   80.],
       [ 181.,    0.,   87.,   27.,   85.,   40.,   86.,   60.],
       [ 150.,   87.,    0.,  114.,   36.,   47.,   21.,   27.],
       [ 133.,   27.,  137.,    0.,  112.,   67.,  113.,   87.],
       [ 117.,   85.,   36.,  112.,    0.,   45.,   57.,   37.],
       [ 114.,   40.,   47.,   67.,   45.,    0.,   54.,   34.],
       [  60.,   86.,   21.,  113.,   57.,   54.,    0.,   26.],
       [  80.,  110.,   27.,   87.,   41.,   34.,   26.,    0.]]), array([[   0.,  265.,  165.,  155.,  279.,  310.],
       [ 265.,    0.,  100.,  110.,   32.,   45.],
       [ 165.,  100.,    0.,  100.,  114.,  145.],
       [ 155.,  110.,  185.,    0.,  124.,  155.],
       [ 279.,   32.,  114.,  124.,    0.,   31.],
       [ 310.,   45.,  145.,  155.,   31.,    0.]]), array([[ 0.]]), array([[ 0.]]), array([[ 0.]]), array([[ 0.]]), array([[   0.,  197.,  189.,  207.,  154.,  177.],
       [ 197.,    0.,   34.,   22.,   43.,   20.],
       [ 189.,   34.,    0.,   18.,   63.,   24.],
       [ 385.,   22.,   18.,    0.,   53.,   30.],
       [ 154.,   43.,   63.,   53.,    0.,   39.],
       [ 301.,   20.,   47.,   30.,   71.,    0.]]), array([[   0.,  214.,  160.,  180.,  209.,  245.,  196.],
       [ 214.,    0.,   76.,   60.,   29.,   31.,   18.],
       [ 160.,   78.,    0.,   20.,   49.,   85.,   94.],
       [ 180.,   60.,   20.,    0.,   31.,   65.,   78.],
       [ 209.,   29.,   49.,   31.,    0.,   36.,   47.],
       [ 245.,   31.,   85.,   65.,   36.,    0.,   49.],
       [ 196.,   18.,   94.,   78.,   47.,   49.,    0.]]), array([[ 0.]]), array([[   0.,  178.,  189.,  208.,  133.,  142.],
       [ 178.,    0.,   21.,   52.,   93.,   60.],
       [ 189.,   21.,    0.,   31.,  104.,   47.],
       [ 208.,   52.,   31.,    0.,  123.,   66.],
       [ 133.,   93.,  104.,  123.,    0.,   57.],
       [ 142.,   60.,   48.,   66.,   57.,    0.]]), array([[ 0.]]), array([[   0.,  276.,  326.,  254.,  232.,  287.,  296.],
       [ 276.,    0.,   50.,   54.,   54.,   51.,   54.],
       [ 326.,   50.,    0.,   72.,   94.,   39.,   30.],
       [ 340.,   54.,   72.,    0.,   22.,   33.,   42.],
       [ 232.,   54.,   94.,   22.,    0.,   55.,   64.],
       [ 287.,   51.,   39.,   33.,   55.,    0.,    9.],
       [ 296.,   54.,   30.,   42.,   64.,    9.,    0.]]), array([[ 0.]]), array([[   0.,   24.,  138.],
       [  24.,    0.,  114.],
       [ 138.,  114.,    0.]]), array([[   0.,  329.,  251.,  279.,  294.],
       [ 329.,    0.,  146.,  168.,   85.],
       [ 251.,  146.,    0.,   28.,  111.],
       [ 279.,  168.,   28.,    0.,  107.],
       [ 294.,   85.,  111.,  107.,    0.]]), array([[   0.,  126.,   83.,  107.,  105.,  131.],
       [ 126.,    0.,   51.,   75.,   21.,   47.],
       [  83.,   51.,    0.,   24.,   52.,   48.],
       [ 107.,   75.,   24.,    0.,   76.,   28.],
       [ 105.,   21.,   52.,   76.,    0.,   48.],
       [ 131.,   47.,   52.,   28.,   48.,    0.]]), array([[ 0.]]), array([[ 0.]]), array([[ 0.]]), array([[ 0.]]), array([[   0.,   58.,   48.,   10.,   60.,   40.,   42.,   59.,   13.,
           8.,   49.,   74.,   66.,   34.,   36.],
       [  58.,    0.,   58.,   62.,   20.,   32.,   32.,  107.,   71.,
          58.,   65.,  132.,   76.,   70.,   42.],
       [  48.,   58.,    0.,   58.,   38.,   26.,   90.,  107.,   41.,
          56.,   35.,  102.,   20.,   82.,   84.],
       [  10.,   62.,   58.,    0.,   64.,   44.,   32.,   49.,   23.,
           4.,   59.,   70.,   76.,   24.,   26.],
